A* height efficiency tests: rounded to 3dp
---- random inital states, random goal states, diablo.pgm ----
0.00712
0.00682
0.00860
0.0102
0.0182
0.00584
0.00637
0.00453
0.0100
0.0125
0.00738
0.00773
0.00945
0.00934
0.00571
0.0113
0.00681
0.0158
0.0120
0.00509
0.00712
0.0115
0.0157
0.00515
0.00346
25 iterations, avergae of 0.00811

---- preset coords, diablo.pgm ----
START - GOAL - EFFICIENCY
(0,0)  (50,50)  0.0206
(0,0) (100,100) 0.0118
(0,0) (200,200) 0.00978
(33,56) (99,212) 0.00771
(200,200) (0,20) 0.0117
(50,133) (133,50) 0.00693
(33,33) (225,225) 0.0103
(80,80) (100,100) 0.00835
(100,100) (200,200) 0.00910
(0,0) (248,251) 0.0106
(25,251) (178,4) 0.00899
(66,166) (0,0) 0.0140
(99,99) (5,200) 0.00962
(12,24) (26,48) 0.0209
(100,100) (248,0) 0.00466
(77,77) (1,1)  0.00982
(43,230) (176,55) 0.00773
(248,251) (0,0)  0.0120
(102,12) (102,211) 0.00910
(84,3) (209,111) 0.00387
(59,59) (159,159) 0.00470
(123,123) (213,213) 0.00365
(12,12) (89,89)  0.0103
(60,120) (180,240) 0.00934
(150,150) (15,248) 0.00518
25 tests, average efficiency of 0.00947

A* Euclidean distance efficiency tests: rounded to 3dp
---- random inital states, random goal states, diablo.pgm ----
0.0102
0.00656
0.00447
0.00492
0.00618
0.00700
0.00686
0.0185
0.00851
0.00392
0.0109
0.00407
0.00942
0.00341
0.00327
0.00559
0.00916
0.00727
0.00706
0.0103
0.00969
0.00333
0.00254
0.00253
0.00347
25 tests, average efficiency of 0.00663

---- preset coords, diablo.pgm ----
START - GOAL - EFFICIENCY
(0,0)  (50,50)  0.0112
(0,0) (100,100) 0.0125
(0,0) (200,200) 0.0114
(33,56) (99,212) 0.00970
(200,200) (0,20) 0.00958
(50,133) (133,50) 0.00937
(33,33) (225,225) 0.0128
(80,80) (100,100) 0.0156
(100,100) (200,200) 0.00998
(0,0) (248,251) 0.0123
(25,251) (178,4) 0.0126
(66,166) (0,0) 0.0128
(99,99) (5,200) 0.0101
(12,24) (26,48) 0.0111
(100,100) (248,0) 0.00630
(77,77) (1,1)  0.0114
(43,230) (176,55) 0.00959
(248,251) (0,0)  0.0108
(102,12) (102,211) 0.00920
(84,3) (209,111) 0.00425
(59,59) (159,159) 0.00525
(123,123) (213,213) 0.00475
(12,12) (89,89)  0.0103
(60,120) (180,240) 0.0116
(150,150) (15,248) 0.00475
25 tests, average efficiency of 


