Branch and Bound efficiency tests: rounded to 3dp
---- random inital states, random goal states, diablo.pgm ----
0.00788
0.0331
0.00297
0.00472
0.00735
0.00328
0.00736
0.0105
0.00892
0.0110
0.00645
0.0122
0.00942
0.0113
0.0161
0.00321
0.00453
0.0262
0.00606
0.00554
0.00530
0.0123
0.00472
0.0103
0.0104 
25 tests, averge efficiency of 0.00964

---- preset coords, diablo.pgm ----
START - GOAL - EFFICIENCY
(0,0)  (50,50)  0.0105
(0,0) (100,100) 0.0121
(0,0) (200,200) 0.0112
(33,56) (99,212) 0.00958
(200,200) (0,20) 0.00954
(50,133) (133,50) 0.00928
(33,33) (225,225) 0.0126
(80,80) (100,100) 0.0150
(100,100) (200,200) 0.00993
(0,0) (248,251) 0.0121
(25,251) (178,4) 0.0125
(66,166) (0,0) 0.0125
(99,99) (5,200) 0.00999
(12,24) (26,48) 0.0102
(100,100) (248,0) 0.00624 
(77,77) (1,1)  0.0112
(43,230) (176,55) 0.00953
(248,251) (0,0)  0.0107
(102,12) (102,211) 0.00916
(84,3) (209,111)  0.00419 -20
(59,59) (159,159) 0.00518
(123,123) (213,213) 0.00468
(12,12) (89,89)  0.00999
(60,120) (180,240) 0.0115
(150,150) (15,248) 0.00474
25 tests, average efficiency of 0.00931



















